0.113454
0.13076
0.124373
0.121626
0.1287
0.120459
0.119223
0.132408
0.131447
0.115033
0.123412
0.146006
0.165854
0.180963
0.205892
0.238033
0.281986
0.309457
0.330747
0.339949
0.378957
0.380537
0.433075
0.44056
0.488153
0.48211
0.488016
0.486917
0.521667
0.490145
0.509855
0.496394
0.572213
0.463704
0.543987
0.495433
0.467688
0.503949
0.461369
0.520431
0.532381
0.460683
0.485269
0.536364
0.499828
0.479706
0.473731
0.502369
0.506902
0.499142
0.533342
0.529771
0.519126
0.493235
0.484857
0.46549
0.490488
0.499416
0.479912
0.499279
0.461163
0.461988
0.472358
0.498592
