# Random seed: 1354098580
# number_of_trials   precise_value   estimate_by_drand48   estimate_by_lagged_fibonacci607
1048575   3.14159265359   3.14054107666 +/- 0.00160440886149   3.14290618896 +/- 0.00160280297217
2097151   3.14159265359   3.14066505432 +/- 0.00113442867788   3.1427898407 +/- 0.00113340852295
3145727   3.14159265359   3.14059956868 +/- 0.000926282698176   3.14174397786 +/- 0.000925834393902
4194303   3.14159265359   3.14123725891 +/- 0.000801968049492   3.14172267914 +/- 0.000801803303861
5242879   3.14159265359   3.1411781311 +/- 0.00071731995502   3.14160614014 +/- 0.000717190044479
6291455   3.14159265359   3.14115905762 +/- 0.00065482580674   3.14148076375 +/- 0.000654736677662
7340031   3.14159265359   3.14128821237 +/- 0.000606217762851   3.14097377232 +/- 0.000606298396798
8388607   3.14159265359   3.14143562317 +/- 0.000567029417059   3.14093875885 +/- 0.000567148610845
9437183   3.14159265359   3.14092551337 +/- 0.000534715829453   3.14156002469 +/- 0.000534572310163
10485759   3.14159265359   3.14102363586 +/- 0.000507254925988   3.14160919189 +/- 0.000507129264507
11534335   3.14159265359   3.14105779474 +/- 0.000483641606129   3.14163312045 +/- 0.000483523881444
12582911   3.14159265359   3.14106559753 +/- 0.000463050054383   3.14164638519 +/- 0.000462936269963
13631487   3.14159265359   3.14102290227 +/- 0.000444892133799   3.14167697613 +/- 0.000444769019712
14680063   3.14159265359   3.141147886 +/- 0.000428686124375   3.14174979074 +/- 0.000428576937064
15728639   3.14159265359   3.14128494263 +/- 0.000414126129154   3.14181594849 +/- 0.000414033057068
16777215   3.14159265359   3.1412332058 +/- 0.000400984676465   3.14196324348 +/- 0.000400860774549
17825791   3.14159265359   3.14124679565 +/- 0.000389010039301   3.14191436768 +/- 0.000388900124434
18874367   3.14159265359   3.14123005337 +/- 0.000378052481445   3.14201439752 +/- 0.000377926971921
19922943   3.14159265359   3.14137508995 +/- 0.00036794668416   3.1419657657 +/- 0.00036785468035
20971519   3.14159265359   3.14134044647 +/- 0.000358635322895   3.14181404114 +/- 0.000358563432199
22020095   3.14159265359   3.14136196318 +/- 0.000349989050836   3.14197122483 +/- 0.000349898784566
23068671   3.14159265359   3.14143371582 +/- 0.000341931866942   3.14191037958 +/- 0.000341862869153
24117247   3.14159265359   3.14154052734 +/- 0.000334400845087   3.1420055887 +/- 0.000334334997827
25165823   3.14159265359   3.141573747 +/- 0.000327355435288   3.14194138845 +/- 0.000327304478567
26214399   3.14159265359   3.14154800415 +/- 0.000320745007227   3.14191986084 +/- 0.000320694509145
27262975   3.14159265359   3.14156972445 +/- 0.000314513464004   3.1419268388 +/- 0.000314465908804
28311551   3.14159265359   3.14153869064 +/- 0.000308638243398   3.14190038045 +/- 0.00030859098102
29360127   3.14159265359   3.14151178088 +/- 0.000303080190343   3.14189829145 +/- 0.000303030595633
30408703   3.14159265359   3.14150251191 +/- 0.000297809996569   3.14188700709 +/- 0.000297761519195
31457279   3.14159265359   3.14147326152 +/- 0.000292808054832   3.14186248779 +/- 0.000292759807473
32505855   3.14159265359   3.14141378095 +/- 0.000288053881808   3.1418126014 +/- 0.000288005252541
33554431   3.14159265359   3.14133214951 +/- 0.00028352711028   3.14180445671 +/- 0.000283470430858
34603007   3.14159265359   3.14137730454 +/- 0.000279192863141   3.14179010102 +/- 0.000279144080699
35651583   3.14159265359   3.14133543127 +/- 0.000275061317431   3.14178208744 +/- 0.000275009317313
36700159   3.14159265359   3.14128287179 +/- 0.000271109423197   3.14180276053 +/- 0.000271049769434
37748735   3.14159265359   3.14126258426 +/- 0.000267319790657   3.14179780748 +/- 0.000267259237328
38797311   3.14159265359   3.14121906177 +/- 0.000263687472293   3.1418807571 +/- 0.000263613627027
39845887   3.14159265359   3.1411834516 +/- 0.000260198688376   3.14187120136 +/- 0.000260122954294
40894463   3.14159265359   3.14117470766 +/- 0.000256842095215   3.14182369526 +/- 0.000256771554324
41943039   3.14159265359   3.14121179581 +/- 0.000253607269389   3.14178104401 +/- 0.00025354617421
42991615   3.14159265359   3.14130503957 +/- 0.000250485524193   3.14177964373 +/- 0.000250435208808
44040191   3.14159265359   3.14129556928 +/- 0.000247486580929   3.14176068987 +/- 0.000247437862409
45088767   3.14159265359   3.14128041822 +/- 0.00024459346932   3.14174075459 +/- 0.00024454581697
46137343   3.14159265359   3.14129023118 +/- 0.000241797019618   3.14170100472 +/- 0.000241754984629
47185919   3.14159265359   3.14125578139 +/- 0.00023909877698   3.1416776869 +/- 0.000239056086851
48234495   3.14159265359   3.14121669272 +/- 0.000236489507829   3.14161383587 +/- 0.000236449765104
49283071   3.14159265359   3.1412491494 +/- 0.000233956923015   3.14164133275 +/- 0.000233918094873
50331647   3.14159265359   3.14120531082 +/- 0.00023151133832   3.14164090157 +/- 0.000231468665444
51380223   3.14159265359   3.14123247108 +/- 0.000229134167459   3.14158770503 +/- 0.0002290997243
52428799   3.14159265359   3.14126296997 +/- 0.000226828326206   3.14165435791 +/- 0.000226790756621
53477375   3.14159265359   3.14128531662 +/- 0.000224591386403   3.14157964669 +/- 0.000224563412779
54525951   3.14159265359   3.14131597372 +/- 0.00022241848533   3.14157023797 +/- 0.00022239455279
55574527   3.14159265359   3.14127558582 +/- 0.000220313970366   3.14155967281 +/- 0.000220287485108
56623103   3.14159265359   3.14128183436 +/- 0.000218263916478   3.14155055858 +/- 0.000218239096583
57671679   3.14159265359   3.14131372625 +/- 0.000216267678667   3.14154115157 +/- 0.000216246864751
58720255   3.14159265359   3.14126559666 +/- 0.000214332383539   3.14153712136 +/- 0.000214307757364
59768831   3.14159265359   3.14129558362 +/- 0.000212441260343   3.1415360434 +/- 0.000212419643375
60817407   3.14159265359   3.14129507131 +/- 0.000210601953072   3.14152020422 +/- 0.000210581889412
61865983   3.14159265359   3.14129761518 +/- 0.000208809338654   3.14152255301 +/- 0.000208789462926
62914559   3.14159265359   3.14128595988 +/- 0.000207062970522   3.14150543213 +/- 0.000207043740383
63963135   3.14159265359   3.14133196971 +/- 0.000205354721787   3.1415053821 +/- 0.000205339652019
65011711   3.14159265359   3.14136498974 +/- 0.000203689057136   3.14149419723 +/- 0.000203677919593
66060287   3.14159265359   3.14136898707 +/- 0.000202065669078   3.14144794525 +/- 0.000202058917388
67108863   3.14159265359   3.14136248827 +/- 0.000200481367129   3.14142423868 +/- 0.000200476128387
68157439   3.14159265359   3.14136810303 +/- 0.000198932752627   3.14143007719 +/- 0.000198927535465
69206015   3.14159265359   3.14139782299 +/- 0.000197417451219   3.14140522119 +/- 0.000197416833152
70254591   3.14159265359   3.14144652637 +/- 0.000195934609516   3.14140610197 +/- 0.0001959379615
71303167   3.14159265359   3.14144291597 +/- 0.000194488875026   3.14136207805 +/- 0.000194495528415
72351743   3.14159265359   3.1414600317 +/- 0.000193072993129   3.14136250814 +/- 0.00019308096155
73400319   3.14159265359   3.14143306187 +/- 0.000191691127417   3.14136199951 +/- 0.000191696892029
74448895   3.14159265359   3.1414518222 +/- 0.00019033489163   3.14136891969 +/- 0.000190341569303
75497471   3.14159265359   3.14148743947 +/- 0.000189005650756   3.14136033588 +/- 0.000189015817594
76546047   3.14159265359   3.14147170602 +/- 0.000187707877374   3.14138678982 +/- 0.000187714623066
77594623   3.14159265359   3.14148557508 +/- 0.000186434172555   3.14138355771 +/- 0.000186442221865
78643199   3.14159265359   3.14149088542 +/- 0.000185186691003   3.14140630086 +/- 0.000185193320319
79691775   3.14159265359   3.14147823735 +/- 0.000183965308028   3.14140565772 +/- 0.000183970958861
80740351   3.14159265359   3.14147924448 +/- 0.000182766746288   3.14139071378 +/- 0.000182773594058
81788927   3.14159265359   3.14147240076 +/- 0.000181591911211   3.14140393184 +/- 0.000181597173183
82837503   3.14159265359   3.14144979549 +/- 0.000180440661305   3.1414113588 +/- 0.000180443596457
83886079   3.14159265359   3.14145646095 +/- 0.000179308854907   3.14139084816 +/- 0.000179313833856
84934655   3.14159265359   3.14142952436 +/- 0.000178200604117   3.14141751513 +/- 0.00017820150978
85983231   3.14159265359   3.14139868573 +/- 0.000177112993338   3.1414512076 +/- 0.000177109056675
87031807   3.14159265359   3.141411563 +/- 0.000176041855053   3.14146156771 +/- 0.000176038129649
88080383   3.14159265359   3.1414221809 +/- 0.000174990063196   3.14146872929 +/- 0.000174986615956
89128959   3.14159265359   3.14143869737 +/- 0.000173956448499   3.14145970064 +/- 0.000173954902226
90177535   3.14159265359   3.14141517462 +/- 0.000172943838136   3.14146782631 +/- 0.00017293998453
91226111   3.14159265359   3.14144722073 +/- 0.000171944703444   3.14144038058 +/- 0.000171945201194
92274687   3.14159265359   3.14147437703 +/- 0.00017096298864   3.1414810094 +/- 0.000170962508739
93323263   3.14159265359   3.14147400588 +/- 0.000169999835902   3.14149856567 +/- 0.00016999806881
94371839   3.14159265359   3.14147279527 +/- 0.000169052840846   3.1414633433 +/- 0.000169053517116
95420415   3.14159265359   3.14149152316 +/- 0.000168120080551   3.14149005596 +/- 0.000168120184951
96468991   3.14159265359   3.14149122653 +/- 0.000167203908987   3.14149035578 +/- 0.000167203970609
97517567   3.14159265359   3.14148572696 +/- 0.000166302920725   3.14150488248 +/- 0.000166301572423
98566143   3.14159265359   3.14147945161 +/- 0.000165416404823   3.14147425712 +/- 0.000165416768489
99614719   3.14159265359   3.14146788748 +/- 0.000164544294262   3.141488527 +/- 0.000164542856911
100663295   3.14159265359   3.14145410061 +/- 0.000163686004338   3.14149594307 +/- 0.000163683105628
101711871   3.14159265359   3.14143831705 +/- 0.000162841163906   3.14151527955 +/- 0.000162835859735
102760447   3.14159265359   3.14145271146 +/- 0.000162007224374   3.14154492592 +/- 0.000162000901382
103809023   3.14159265359   3.14146319303 +/- 0.000161186214324   3.14154014202 +/- 0.000161180964756
104857599   3.14159265359   3.14146865845 +/- 0.000160377887307   3.14153865814 +/- 0.000160373135755
105906175   3.14159265359   3.14147341133 +/- 0.000159581641341   3.14155960083 +/- 0.00015957581977
106954751   3.14159265359   3.14145570643 +/- 0.000158798641519   3.14156008702 +/- 0.000158791625975
108003327   3.14159265359   3.14143734534 +/- 0.000158027122113   3.14158589632 +/- 0.000158017186361
109051903   3.14159265359   3.14143023124 +/- 0.000157266014663   3.14160611079 +/- 0.000157254307647
110100479   3.14159265359   3.14145217169 +/- 0.00015651388397   3.14160494123 +/- 0.00015650376362
111149055   3.14159265359   3.14142727402 +/- 0.000155775502833   3.14160242621 +/- 0.000155763954793
112197631   3.14159265359   3.14141018591 +/- 0.000155046992395   3.14161168749 +/- 0.000155033769394
113246207   3.14159265359   3.14140185603 +/- 0.000154328056918   3.14161696257 +/- 0.00015431400666
114294783   3.14159265359   3.14141110761 +/- 0.000153617897436   3.14161657631 +/- 0.000153604538327
115343359   3.14159265359   3.14141974016 +/- 0.000152917481404   3.14163988287 +/- 0.000152903233136
116391935   3.14159265359   3.14140897184 +/- 0.000152227799201   3.14163709761 +/- 0.000152213101035
117440511   3.14159265359   3.14140963554 +/- 0.000151546644493   3.14163872174 +/- 0.000151531950466
118489087   3.14159265359   3.14138729804 +/- 0.000150876020155   3.14165064719 +/- 0.000150859203459
119537663   3.14159265359   3.14139724196 +/- 0.000150212193547   3.14164914583 +/- 0.000150196178332
120586239   3.14159265359   3.1414105291 +/- 0.000149556830126   3.1416339045 +/- 0.000149542690554
121634815   3.14159265359   3.14138567037 +/- 0.000148912359774   3.14162119504 +/- 0.000148897515922
122683391   3.14159265359   3.14136260595 +/- 0.000148276063697   3.14160629012 +/- 0.000148260771747
123731967   3.14159265359   3.14136029906 +/- 0.000147646582624   3.14159703659 +/- 0.000147631789791
124780543   3.14159265359   3.14137367441 +/- 0.000147024077901   3.14161464146 +/- 0.000147009083878
125829119   3.14159265359   3.14137875239 +/- 0.000146409881368   3.14163503647 +/- 0.000146394000576
126877695   3.14159265359   3.14137025313 +/- 0.000145804151053   3.14165645 +/- 0.000145786489983
127926271   3.14159265359   3.1413743066 +/- 0.000145205114439   3.14166869492 +/- 0.000145187022294
128974847   3.14159265359   3.141386916 +/- 0.00014461287348   3.14166334199 +/- 0.00014459595436
130023423   3.14159265359   3.14140049104 +/- 0.000144027749263   3.14165672179 +/- 0.000144012129522
131071999   3.14159265359   3.1413850708 +/- 0.000143451417487   3.14165591431 +/- 0.000143434973306
132120575   3.14159265359   3.14137358893 +/- 0.000142881726074   3.14165748112 +/- 0.000142864558291
133169151   3.14159265359   3.14137517373 +/- 0.00014231799243   3.14165124368 +/- 0.000142301363588
134217727   3.14159265359   3.14139574766 +/- 0.000141759738507   3.14165627956 +/- 0.000141744106747
